0.0000000000000000 0.0489267406804123 0.0000000000000000
0.0061359231515426 0.0510017850401568 0.0061358846491545
0.0122718463030851 0.0541843834708089 0.0122715382857199
0.0184077694546277 0.0580221535496674 0.0184067299058048
0.0245436926061703 0.0622846092696975 0.0245412285229123
0.0306796157577128 0.0668421110665808 0.0306748031766366
0.0368155389092554 0.0716154580346666 0.0368072229413588
0.0429514620607980 0.0765530008471735 0.0429382569349408
0.0490873852123405 0.0816192753025955 0.0490676743274180
0.0552233083638831 0.0867889023078751 0.0551952443496899
0.0613592315154256 0.0920430960296530 0.0613207363022086
0.0674951546669682 0.0973675551730445 0.0674439195636641
0.0736310778185108 0.1027511313062749 0.0735645635996674
0.0797670009700533 0.1081849555585514 0.0796824379714301
0.0859029241215959 0.1136618471828087 0.0857973123444399
0.0920388472731385 0.1191759017459845 0.0919089564971328
0.0981747704246811 0.1247221973923551 0.0980171403295606
0.1043106935762236 0.1302965808480134 0.1041216338720546
0.1104466167277662 0.1358955085781489 0.1102222072938831
0.1165825398793088 0.1415159269059451 0.1163186309119048
0.1227184630308513 0.1471551801797148 0.1224106751992163
0.1288543861823939 0.1528109394770137 0.1284981107937932
0.1349903093339365 0.1584811465778600 0.1345807085071263
0.1411262324854791 0.1641639694491107 0.1406582393328493
0.1472621556370216 0.1698577665173747 0.1467304744553618
0.1533980787885642 0.1755610577298722 0.1527971852584435
0.1595340019401068 0.1812725009140421 0.1588581433338615
0.1656699250916494 0.1869908723140875 0.1649131204899700
0.1718058482431919 0.1927150504500712 0.1709618887603013
0.1779417713947345 0.1984440026421866 0.1770042204121489
0.1840776945462771 0.2041767736896226 0.1830398879551411
0.1902136176978196 0.2099124763039510 0.1890686641498063
0.1963495408493622 0.2156502829809767 0.1950903220161284
0.2024854640009048 0.2213894190594432 0.2011046348420920
0.2086213871524474 0.2271291567648440 0.2071113761922187
0.2147573103039899 0.2328688100754805 0.2131103199160915
0.2208932334555325 0.2386077302784601 0.2191012401568700
0.2270291566070751 0.2443453021075037 0.2250839113597930
0.2331650797586176 0.2500809403736927 0.2310581082806713
0.2393010029101602 0.2558140870157206 0.2370236059943674
0.2454369260617028 0.2615442085086646 0.2429801799032641
0.2515728492132454 0.2672707935803850 0.2489276057457203
0.2577087723647879 0.2729933511928923 0.2548656596045147
0.2638446955163304 0.2787114087527616 0.2607941179152757
0.2699806186678730 0.2844245105202326 0.2667127574748985
0.2761165418194155 0.2901322161912193 0.2726213554499491
0.2822524649709581 0.2958340996302762 0.2785196893850532
0.2883883881225006 0.3015297477357475 0.2844075372112719
0.2945243112740432 0.3072187594209945 0.2902846772544624
0.3006602344255857 0.3129007446978385 0.2961508882436238
0.3067961575771282 0.3185753238502507 0.3020059493192281
0.3129320807286708 0.3242421266879220 0.3078496400415349
0.3190680038802133 0.3299007918707086 0.3136817403988915
0.3252039270317559 0.3355509662961130 0.3195020308160156
0.3313398501832984 0.3411923045429482 0.3253102921622629
0.3374757733348410 0.3468244683651929 0.3311063057598763
0.3436116964863835 0.3524471262307702 0.3368898533922199
0.3497476196379261 0.3580599529006217 0.3426607173119943
0.3558835427894686 0.3636626290439924 0.3484186802494344
0.3620194659410111 0.3692548408863162 0.3541635254204902
0.3681553890925537 0.3748362798865064 0.3598950365349879
0.3742913122440962 0.3804066424408137 0.3656129978047736
0.3804272353956388 0.3859656296107270 0.3713171939518373
0.3865631585471813 0.3915129468726713 0.3770074102164180
0.3926990816987239 0.3970483038874926 0.3826834323650895
0.3988350048502664 0.4025714142879372 0.3883450466988260
0.4049709280018089 0.4080819954825152 0.3939920400610478
0.4111068511533515 0.4135797684743069 0.3996241998456465
0.4172427743048940 0.4190644576934133 0.4052413140049895
0.4233786974564366 0.4245357908418828 0.4108431710579036
0.4295146206079791 0.4299934987500620 0.4164295600976368
0.4356505437595217 0.4354373152434178 0.4220002707997993
0.4417864669110642 0.4408669770189710 0.4275550934302817
0.4479223900626068 0.4462822235305635 0.4330938188531515
0.4540583132141493 0.4516827968822494 0.4386162385385272
0.4601942363656918 0.4570684417291717 0.4441221445704288
0.4663301595172344 0.4624389051853378 0.4496113296546061
0.4724660826687769 0.4677939367377646 0.4550835871263433
0.4786020058203195 0.4731332881665066 0.4605387109582395
0.4847379289718620 0.4784567134701268 0.4659764957679656
0.4908738521234046 0.4837639687962048 0.4713967368259971
0.4970097752749471 0.4890548123765122 0.4767992300633216
0.5031456984264897 0.4943290044665177 0.4821837720791222
0.5092816215780323 0.4995863072889106 0.4875501601484354
0.5154175447295748 0.5048264849808569 0.4928981922297835
0.5215534678811173 0.5100493035447277 0.4982276669727813
0.5276893910326599 0.5152545308020573 0.5035383837257169
0.5338253141842024 0.5204419363505105 0.5088301425431064
0.5399612373357450 0.5256112915236533 0.5141027441932211
0.5460971604872875 0.5307623693533392 0.5193559901655890
0.5522330836388301 0.5358949445345372 0.5245896826784683
0.5583690067903726 0.5410087933924395 0.5298036246862939
0.5645049299419151 0.5461036938517004 0.5349976198870965
0.5706408530934577 0.5511794254076700 0.5401714727298922
0.5767767762450002 0.5562357690994915 0.5453249884220457
0.5829126993965428 0.5612725074849478 0.5504579729366040
0.5890486225480853 0.5662894246169449 0.5555702330196015
0.5951845456996279 0.5712863060215291 0.5606615761973353
0.6013204688511704 0.5762629386773467 0.5657318107836125
0.6074563920027130 0.5812191109964540 0.5707807458869665
0.6135923151542555 0.5861546128063972 0.5758081914178445
0.6197282383057980 0.5910692353334864 0.5808139580957637
0.6258641614573406 0.5959627711871897 0.5857978574564380
0.6320000846088831 0.6008350143455830 0.5907597018588734
0.6381360077604257 0.6056857601417929 0.5956993044924325
0.6442719309119682 0.6105148052513734 0.6006164793838681
0.6504078540635108 0.6153219476805630 0.6055110414043247
0.6565437772150533 0.6201069867553715 0.6103828062763086
0.6626797003665958 0.6248697231114474 0.6152315905806259
0.6688156235181384 0.6296099586846838 0.6200572117632882
0.6749515466696809 0.6343274967025184 0.6248594881423855
0.6810874698212235 0.6390221416758897 0.6296382389149261
0.6872233929727660 0.6436936993918125 0.6343932841636445
0.6933593161243086 0.6483419769065386 0.6391244448637747
0.6994952392758511 0.6529667825392681 0.6438315428897905
0.7056311624273937 0.6575679258663834 0.6485144010221114
0.7117670855789362 0.6621452177161757 0.6531728429537758
0.7179030087304787 0.6666984701640377 0.6578066932970776
0.7240389318820213 0.6712274965280951 0.6624157775901708
0.7301748550335638 0.6757321113652562 0.6669999223036365
0.7363107781851064 0.6802121304676542 0.6715589548470173
0.7424467013366489 0.6846673708594612 0.6760927035753149
0.7485826244881915 0.6890976507940559 0.6806009977954520
0.7547185476397340 0.6935027897515232 0.6850836677726994
0.7608544707912765 0.6978826084364688 0.6895405447370658
0.7669903939428191 0.7022369287761325 0.6939714608896529
0.7731263170943616 0.7065655739187842 0.6983762494089718
0.7792622402459042 0.7108683682323846 0.7027547444572242
0.7853981633974467 0.7151451373035009 0.7071067811865464
0.7915340865489893 0.7193957079364593 0.7114321957452153
0.7976700097005318 0.7236199081527248 0.7157308252838175
0.8038059328520744 0.7278175671904937 0.7200025079613804
0.8099418560036169 0.7319885155044888 0.7242470829514658
0.8160777791551594 0.7361325847659455 0.7284643904482241
0.8222137023067020 0.7402496078627775 0.7326542716724117
0.8283496254582445 0.7443394188999153 0.7368165688773687
0.8344855486097871 0.7484018531998033 0.7409511253549579
0.8406214717613296 0.7524367473030514 0.7450577854414648
0.8467573949128722 0.7564439389692286 0.7491363945234581
0.8528933180644147 0.7604232671777930 0.7531867990436113
0.8590292412159573 0.7643745721291497 0.7572088465064833
0.8651651643674998 0.7682976952458290 0.7612023854842606
0.8713010875190423 0.7721924791737779 0.7651672656224577
0.8774370106705849 0.7760587677837584 0.7691033376455785
0.8835729338221274 0.7798964061728472 0.7730104533627358
0.8897088569736700 0.7837052406660281 0.7768884656732312
0.8958447801252125 0.7874851188178746 0.7807372285720933
0.9019807032767551 0.7912358894143147 0.7845565971555740
0.9081166264282976 0.7949574024744732 0.7883464276266050
0.9142525495798401 0.7986495092525878 0.7921065773002111
0.9203884727313827 0.8023120622399920 0.7958369046088823
0.9265243958829252 0.8059449151671620 0.7995372691079038
0.9326603190344678 0.8095479230058225 0.8032075314806436
0.9387962421860103 0.8131209419711063 0.8068475535437980
0.9449321653375529 0.8166638295237660 0.8104571982525935
0.9510680884890954 0.8201764443724314 0.8140363297059471
0.9572040116406380 0.8236586464759101 0.8175848131515825
0.9633399347921805 0.8271102970455283 0.8211025149911034
0.9694758579437230 0.8305312585475066 0.8245893027850241
0.9756117810952656 0.8339213947053703 0.8280450452577545
0.9817477042468081 0.8372805705023877 0.8314696123025440
0.9878836273983507 0.8406086521840364 0.8348628749863788
0.9940195505498932 0.8439055072604930 0.8382247055548367
1.0001554737014358 0.8471710045091438 0.8415549774368971
1.0062913968529783 0.8504050139771148 0.8448535652497058
1.0124273200045208 0.8536074069838157 0.8481203448032960
1.0185632431560634 0.8567780561234998 0.8513551931052639
1.0246991663076059 0.8599168352678329 0.8545579883653993
1.0308350894591485 0.8630236195684725 0.8577286100002708
1.0369710126106910 0.8660982854596525 0.8608669386377661
1.0431069357622336 0.8691407106607730 0.8639728561215855
1.0492428589137761 0.8721507741789928 0.8670462455156914
1.0553787820653187 0.8751283563118214 0.8700869911087101
1.0615147052168612 0.8780733386497113 0.8730949784182889
1.0676506283684037 0.8809856040786452 0.8760700941954054
1.0737865515199463 0.8838650367827202 0.8790122264286322
1.0799224746714888 0.8867115222467237 0.8819212643483538
1.0860583978230314 0.8895249472587020 0.8847970984309366
1.0921943209745739 0.8923051999125191 0.8876396204028527
1.0983302441261165 0.8950521696104036 0.8904487232447567
1.1044661672776590 0.8977657470654832 0.8932243011955141
1.1106020904292015 0.9004458243043048 0.8959662497561840
1.1167380135807441 0.9030922946693389 0.8986744656939526
1.1228739367322866 0.9057050528214675 0.9013488470460208
1.1290098598838292 0.9082839947424528 0.9039892931234421
1.1351457830353717 0.9108290177373874 0.9065957045149142
1.1412817061869143 0.9133400204371231 0.9091679830905212
1.1474176293384568 0.9158169028006781 0.9117060320054287
1.1535535524899994 0.9182595661176209 0.9142097557035295
1.1596894756415419 0.9206679130104310 0.9166790599210415
1.1658253987930844 0.9230418474368329 0.9191138516900567
1.1719613219446270 0.9253812746921046 0.9215140393420408
1.1780972450961695 0.9276861014113593 0.9238795325112856
1.1842331682477121 0.9299562355717982 0.9262102421383103
1.1903690913992546 0.9321915864949338 0.9285060804732145
1.1965050145507972 0.9343920648487845 0.9307669610789826
1.2026409377023397 0.9365575826500361 0.9329927988347378
1.2087768608538823 0.9386880532661733 0.9351835099389465
1.2149127840054248 0.9407833914175771 0.9373390119125738
1.2210487071569673 0.9428435131795888 0.9394592236021888
1.2271846303085099 0.9448683359845408 0.9415440651830197
1.2333205534600524 0.9468577786237499 0.9435934581619593
1.2394564766115950 0.9488117612494765 0.9456073253805203
1.2455923997631375 0.9507302053768465 0.9475855910177401
1.2517283229146801 0.9526130338857349 0.9495281805930357
1.2578642460662226 0.9544601710226123 0.9514350209690073
1.2640001692177651 0.9562715424023515 0.9533060403541929
1.2701360923693077 0.9580470750099950 0.9551411683057698
1.2762720155208502 0.9597866972024820 0.9569403357322079
1.2824079386723928 0.9614903387103342 0.9587034748958706
1.2885438618239353 0.9631579306393001 0.9604305194155649
1.2946797849754779 0.9647894054719569 0.9621214042690407
1.3008157081270204 0.9663846970692697 0.9637760657954390
1.3069516312785630 0.9679437406721063 0.9653944416976885
1.3130875544301055 0.9694664729027093 0.9669764710448513
1.3192234775816480 0.9709528317661212 0.9685220942744165
1.3253594007331906 0.9724027566515667 0.9700312531945432
1.3314953238847331 0.9738161883337867 0.9715038909862510
1.3376312470362757 0.9751930689743270 0.9729399522055593
1.3437671701878182 0.9765333421227798 0.9743393827855751
1.3499030933393608 0.9778369527179764 0.9757021300385278
1.3560390164909033 0.9791038470891337 0.9770281426577536
1.3621749396424458 0.9803339729569492 0.9783173707196269
1.3683108627939884 0.9815272794346491 0.9795697656854399
1.3744467859455309 0.9826837170289848 0.9807852804032298
1.3805827090970735 0.9838032376411796 0.9819638691095546
1.3867186322486160 0.9848857945678243 0.9831054874312156
1.3928545554001586 0.9859313425017211 0.9842100923869285
1.3989904785517011 0.9869398375326757 0.9852776423889407
1.4051264017032437 0.9879112371482361 0.9863080972445980
1.4112623248547862 0.9888455002343796 0.9873014181578578
1.4173982480063287 0.9897425870761438 0.9882575677307489
1.4235341711578713 0.9906024593582061 0.9891765099647805
1.4296700943094138 0.9914250801654063 0.9900582102622966
1.4358060174609564 0.9922104139832149 0.9909026354277796
1.4419419406124989 0.9929584266981450 0.9917097536690991
1.4480778637640415 0.9936690855981090 0.9924795345987095
1.4542137869155840 0.9943423593727164 0.9932119492347941
1.4603497100671265 0.9949782181135163 0.9939069700023556
1.4664856332186691 0.9955766333141798 0.9945645707342551
1.4726215563702116 0.9961375778706257 0.9951847266721965
1.4787574795217542 0.9966610260810859 0.9957674144676595
1.4848934026732967 0.9971469536461111 0.9963126121827777
1.4910293258248393 0.9975953376685169 0.9968202992911654
1.4971652489763818 0.9980061566532689 0.9972904566786899
1.5033011721279244 0.9983793905073054 0.9977230666441913
1.5094370952794669 0.9987150205392996 0.9981181129001490
1.5155730184310094 0.9990130294593579 0.9984755805732946
1.5217089415825520 0.9992734013786555 0.9987954562051722
1.5278448647340945 0.9994961218090082 0.9990777277526453
1.5339807878856371 0.9996811776623792 0.9993223845883493
1.5401167110371796 0.9998285572503215 0.9995294175010930
1.5462526341887222 0.9999382502833536 0.9996988186962041
1.5523885573402647 1.0000102478702693 0.9998305817958233
1.5585244804918073 1.0000445425173801 0.9999247018391445
1.5646604036433498 1.0000411281276897 0.9999811752826011
1.5707963267948923 1.0000000000000000 1.0000000000000000
