0.0000000000000000 0.0489267406804123
0.0061359231515426 0.0448659003910023
0.0122718463030851 0.0419128451850890
0.0184077694546277 0.0396154236438625
0.0245436926061703 0.0377433807467852
0.0306796157577128 0.0361673078899442
0.0368155389092554 0.0348082350933078
0.0429514620607980 0.0336147439122327
0.0490873852123405 0.0325516009751775
0.0552233083638831 0.0315936579581851
0.0613592315154256 0.0307223597274444
0.0674951546669682 0.0299236356093804
0.0736310778185108 0.0291865677066075
0.0797670009700533 0.0285025175871212
0.0859029241215959 0.0278645348383688
0.0920388472731385 0.0272669452488517
0.0981747704246811 0.0267050570627945
0.1043106935762236 0.0261749469759588
0.1104466167277662 0.0256733012842658
0.1165825398793088 0.0251972959940403
0.1227184630308513 0.0247445049804986
0.1288543861823939 0.0243128286832204
0.1349903093339365 0.0239004380707337
0.1411262324854791 0.0235057301162614
0.1472621556370216 0.0231272920620128
0.1533980787885642 0.0227638724714287
0.1595340019401068 0.0224143575801805
0.1656699250916494 0.0220777518241175
0.1718058482431919 0.0217531616897699
0.1779417713947345 0.0214397822300377
0.1840776945462771 0.0211368857344816
0.1902136176978196 0.0208438121541446
0.1963495408493622 0.0205599609648483
0.2024854640009048 0.0202847842173512
0.2086213871524474 0.0200177805726253
0.2147573103039899 0.0197584901593890
0.2208932334555325 0.0195064901215901
0.2270291566070751 0.0192613907477107
0.2331650797586176 0.0190228320930214
0.2393010029101602 0.0187904810213532
0.2454369260617028 0.0185640286054005
0.2515728492132454 0.0183431878346647
0.2577087723647879 0.0181276915883775
0.2638446955163304 0.0179172908374859
0.2699806186678730 0.0177117530453341
0.2761165418194155 0.0175108607412702
0.2822524649709581 0.0173144102452230
0.2883883881225006 0.0171222105244756
0.2945243112740432 0.0169340821665321
0.3006602344255857 0.0167498564542147
0.3067961575771282 0.0165693745310226
0.3129320807286708 0.0163924866463871
0.3190680038802133 0.0162190514718172
0.3252039270317559 0.0160489354800973
0.3313398501832984 0.0158820123806854
0.3374757733348410 0.0157181626053166
0.3436116964863835 0.0155572728385502
0.3497476196379261 0.0153992355886274
0.3558835427894686 0.0152439487945580
0.3620194659410111 0.0150913154658259
0.3681553890925537 0.0149412433515185
0.3742913122440962 0.0147936446360400
0.3804272353956388 0.0146484356588897
0.3865631585471813 0.0145055366562533
0.3926990816987239 0.0143648715224031
0.3988350048502664 0.0142263675891112
0.4049709280018089 0.0140899554214673
0.4111068511533515 0.0139555686286604
0.4172427743048940 0.0138231436884237
0.4233786974564366 0.0136926197839792
0.4295146206079791 0.0135639386524252
0.4356505437595217 0.0134370444436185
0.4417864669110642 0.0133118835886893
0.4479223900626068 0.0131884046774119
0.4540583132141493 0.0130665583437222
0.4601942363656918 0.0129462971587429
0.4663301595172344 0.0128275755307317
0.4724660826687769 0.0127103496114213
0.4786020058203195 0.0125945772082671
0.4847379289718620 0.0124802177021612
0.4908738521234046 0.0123672319702077
0.4970097752749471 0.0122555823131906
0.5031456984264897 0.0121452323873955
0.5092816215780323 0.0120361471404752
0.5154175447295748 0.0119282927510734
0.5215534678811173 0.0118216365719464
0.5276893910326599 0.0117161470763404
0.5338253141842024 0.0116117938074041
0.5399612373357450 0.0115085473304322
0.5460971604872875 0.0114063791877502
0.5522330836388301 0.0113052618560689
0.5583690067903726 0.0112051687061455
0.5645049299419151 0.0111060739646039
0.5706408530934577 0.0110079526777778
0.5767767762450002 0.0109107806774458
0.5829126993965428 0.0108145345483438
0.5890486225480853 0.0107191915973434
0.5951845456996279 0.0106247298241938
0.6013204688511704 0.0105311278937342
0.6074563920027130 0.0104383651094875
0.6135923151542555 0.0103464213885528
0.6197282383057980 0.0102552772377227
0.6258641614573406 0.0101649137307517
0.6320000846088831 0.0100753124867096
0.6381360077604257 0.0099864556493604
0.6442719309119682 0.0098983258675053
0.6504078540635108 0.0098109062762384
0.6565437772150533 0.0097241804790629
0.6626797003665958 0.0096381325308215
0.6688156235181384 0.0095527469213956
0.6749515466696809 0.0094680085601330
0.6810874698212235 0.0093839027609636
0.6872233929727660 0.0093004152281680
0.6933593161243086 0.0092175320427639
0.6994952392758511 0.0091352396494776
0.7056311624273937 0.0090535248442719
0.7117670855789362 0.0089723747624000
0.7179030087304787 0.0088917768669601
0.7240389318820213 0.0088117189379243
0.7301748550335638 0.0087321890616198
0.7363107781851064 0.0086531756206368
0.7424467013366489 0.0085746672841462
0.7485826244881915 0.0084966529986039
0.7547185476397340 0.0084191219788239
0.7608544707912765 0.0083420636994029
0.7669903939428191 0.0082654678864796
0.7731263170943616 0.0081893245098124
0.7792622402459042 0.0081136237751605
0.7853981633974467 0.0080383561169546
0.7915340865489893 0.0079635121912440
0.7976700097005318 0.0078890828689073
0.8038059328520744 0.0078150592291133
0.8099418560036169 0.0077414325530231
0.8160777791551594 0.0076681943177214
0.8222137023067020 0.0075953361903658
0.8283496254582445 0.0075228500225466
0.8344855486097871 0.0074507278448455
0.8406214717613296 0.0073789618615866
0.8467573949128722 0.0073075444457704
0.8528933180644147 0.0072364681341817
0.8590292412159573 0.0071657256226664
0.8651651643674998 0.0070953097615685
0.8713010875190423 0.0070252135513201
0.8774370106705849 0.0069554301381799
0.8835729338221274 0.0068859528101114
0.8897088569736700 0.0068167749927969
0.8958447801252125 0.0067478902457814
0.9019807032767551 0.0066792922587406
0.9081166264282976 0.0066109748478682
0.9142525495798401 0.0065429319523768
0.9203884727313827 0.0064751576311096
0.9265243958829252 0.0064076460592583
0.9326603190344678 0.0063403915251788
0.9387962421860103 0.0062733884273083
0.9449321653375529 0.0062066312711725
0.9510680884890954 0.0061401146664843
0.9572040116406380 0.0060738333243276
0.9633399347921805 0.0060077820544249
0.9694758579437230 0.0059419557624826
0.9756117810952656 0.0058763494476158
0.9817477042468081 0.0058109581998437
0.9878836273983507 0.0057457771976576
0.9940195505498932 0.0056808017056562
1.0001554737014358 0.0056160270722467
1.0062913968529783 0.0055514487274090
1.0124273200045208 0.0054870621805196
1.0185632431560634 0.0054228630182359
1.0246991663076059 0.0053588469024336
1.0308350894591485 0.0052950095682017
1.0369710126106910 0.0052313468218864
1.0431069357622336 0.0051678545391876
1.0492428589137761 0.0051045286633014
1.0553787820653187 0.0050413652031113
1.0615147052168612 0.0049783602314224
1.0676506283684037 0.0049155098832399
1.0737865515199463 0.0048528103540880
1.0799224746714888 0.0047902578983698
1.0860583978230314 0.0047278488277654
1.0921943209745739 0.0046655795096664
1.0983302441261165 0.0046034463656469
1.1044661672776590 0.0045414458699691
1.1106020904292015 0.0044795745481208
1.1167380135807441 0.0044178289753863
1.1228739367322866 0.0043562057754467
1.1290098598838292 0.0042947016190107
1.1351457830353717 0.0042333132224732
1.1412817061869143 0.0041720373466020
1.1474176293384568 0.0041108707952494
1.1535535524899994 0.0040498104140915
1.1596894756415419 0.0039888530893896
1.1658253987930844 0.0039279957467763
1.1719613219446270 0.0038672353500638
1.1780972450961695 0.0038065689000737
1.1842331682477121 0.0037459934334879
1.1903690913992546 0.0036855060217194
1.1965050145507972 0.0036251037698019
1.2026409377023397 0.0035647838152982
1.2087768608538823 0.0035045433272268
1.2149127840054248 0.0034443795050032
1.2210487071569673 0.0033842895774000
1.2271846303085099 0.0033242708015211
1.2333205534600524 0.0032643204617906
1.2394564766115950 0.0032044358689562
1.2455923997631375 0.0031446143591064
1.2517283229146801 0.0030848532926993
1.2578642460662226 0.0030251500536049
1.2640001692177651 0.0029655020481586
1.2701360923693077 0.0029059067042252
1.2762720155208502 0.0028463614702741
1.2824079386723928 0.0027868638144636
1.2885438618239353 0.0027274112237352
1.2946797849754779 0.0026680012029162
1.3008157081270204 0.0026086312738307
1.3069516312785630 0.0025492989744178
1.3130875544301055 0.0024900018578580
1.3192234775816480 0.0024307374917047
1.3253594007331906 0.0023715034570235
1.3314953238847331 0.0023122973475357
1.3376312470362757 0.0022531167687677
1.3437671701878182 0.0021939593372047
1.3499030933393608 0.0021348226794486
1.3560390164909033 0.0020757044313801
1.3621749396424458 0.0020166022373224
1.3683108627939884 0.0019575137492093
1.3744467859455309 0.0018984366257551
1.3805827090970735 0.0018393685316250
1.3867186322486160 0.0017803071366087
1.3928545554001586 0.0017212501147926
1.3989904785517011 0.0016621951437350
1.4051264017032437 0.0016031399036381
1.4112623248547862 0.0015440820765218
1.4173982480063287 0.0014850193453949
1.4235341711578713 0.0014259493934257
1.4296700943094138 0.0013668699031097
1.4358060174609564 0.0013077785554353
1.4419419406124989 0.0012486730290460
1.4480778637640415 0.0011895509993994
1.4542137869155840 0.0011304101379224
1.4603497100671265 0.0010712481111607
1.4664856332186691 0.0010120625799247
1.4726215563702116 0.0009528511984292
1.4787574795217542 0.0008936116134264
1.4848934026732967 0.0008343414633334
1.4910293258248393 0.0007750383773515
1.4971652489763818 0.0007156999745790
1.5033011721279244 0.0006563238631141
1.5094370952794669 0.0005969076391507
1.5155730184310094 0.0005374488860633
1.5217089415825520 0.0004779451734833
1.5278448647340945 0.0004183940563629
1.5339807878856371 0.0003587930740299
1.5401167110371796 0.0002991397492285
1.5462526341887222 0.0002394315871495
1.5523885573402647 0.0001796660744460
1.5585244804918073 0.0001198406782356
1.5646604036433498 0.0000599528450886
1.5707963267948923 0.0000000000000000
